10
Atlas Scientific
8
95
Crangasi
1
0.6
2 
3
6.5 7.1 6.9
5.2 4.3 4.2 4.4 4.7

2.20
0
4
1100 1145 1213 1194
Honeywell
7
80
Berceni
0
0.5
4
4
5.9 6.3 6.6 6.4 
5.5 5.7 5.1 4.9 4.9

2.34
0
3
603 1548 1579
Sensorex
10
67
Drumul Taberei
1
0.7
10
3
6.3 6.4 6.3
4.0 4.4 4.2 4.0 4.1

5.66
1
2
2501 2499
ABB
6
97
Pipera
1
0.4
2
5
7.1 7.2 6.9 7.0 7.3
5.8 5.6 5.7 5.5 5.3

1.87
0
5
950 1019 1036 1004 1010
Hach Digital
14
97
Pantelimon
0
0.5
4
3
8.1 7.7 7.9
4.4 4.5 4.4 4.7 4.7

3.14
0
3
1414 1320 1399
Emerson
11
38
Aparatorii Patriei
1
0.7
3
4
6.4 6.2 6.5 6.1
6.8 6.7 6.6 6.5 6.4

5.01
1
2
1713 1708
Hydro Lab
7
84
Grozavesti
1
0.62
3
3
6.8 7.2 7.0
5.1 4.9 4.8 5.2 5.2

2.55
0
3
714 822 820
EZO
13
69
Militari
0
0.34
5
3
7.7 8.0 7.9
7.1 6.9 6.6 6.8 7.0

1.85
0
4
1331 1337 1245 1268
Gravity Analog
7
77
Titan
1
0.22
2
4
6.6 6.7 6.9 6.8
4.2 4.7 5.0 5.1 5.1

2.04
0
5
1489 1520 1530 1519 1514
Endress+Hauser
9
99
Dorobanti
1
0.19
1
5
7.0 7.2 7.0 6.9 7.1
6.3 6.8 7.4 7.0 6.9

3.07
0
4
911 944 925 937


